,FIPS Code,"Percent of adults with less than a high school diploma, 2015-19","Percent of adults with a high school diploma only, 2015-19","Percent of adults completing some college or associate's degree, 2015-19","Percent of adults with a bachelor's degree or higher, 2015-19"
0,1007,20.9,44.9,23.8,10.4
1,1009,19.5,33.4,34.0,13.1
2,1021,18.2,44.4,24.6,12.7
3,1073,9.9,26.4,30.3,33.4
4,1115,15.4,35.6,32.9,16.1
5,1117,7.3,19.8,29.9,42.9
6,1127,18.2,37.5,33.0,11.3
7,4013,12.3,22.4,32.6,32.7
8,4021,14.2,29.3,37.0,19.5
9,5035,17.4,34.8,30.4,17.4
10,6001,11.6,17.6,23.5,47.4
11,6013,10.5,17.3,29.9,42.4
12,6017,6.6,21.3,37.9,34.3
13,6037,20.9,20.6,26.0,32.5
14,6041,6.7,10.5,23.3,59.5
15,6059,14.5,17.2,27.7,40.6
16,6061,5.5,18.0,36.8,39.7
17,6065,18.0,26.9,32.9,22.3
18,6067,12.3,22.4,34.5,30.9
19,6069,19.5,24.8,36.0,19.7
20,6071,20.0,26.3,32.7,21.0
21,6073,12.6,18.2,30.4,38.8
22,6075,11.5,12.1,18.4,58.1
23,6081,10.4,14.9,23.8,51.0
24,6085,11.6,14.1,21.9,52.4
25,6113,13.5,18.1,27.0,41.4
26,8001,16.2,28.6,30.9,24.3
27,8005,7.4,20.8,29.0,42.8
28,8014,3.1,14.5,26.7,55.7
29,8019,1.4,21.9,28.7,48.1
30,8031,12.0,16.8,21.7,49.4
31,8035,1.9,12.0,28.1,58.0
32,8039,3.3,24.1,36.8,35.8
33,8047,1.5,21.4,37.5,39.6
34,8059,5.5,20.3,29.1,45.2
35,8093,2.3,30.9,37.0,29.8
36,9003,10.3,26.6,25.0,38.1
37,9007,5.8,25.8,26.2,42.2
38,9013,5.0,27.0,26.2,41.8
39,10003,8.4,30.8,24.6,36.2
40,11001,9.1,16.8,15.5,58.5
41,12003,14.3,42.6,29.9,13.2
42,12011,11.0,27.3,29.2,32.4
43,12019,8.2,31.0,35.8,24.9
44,12031,10.2,27.8,31.9,30.0
45,12053,12.1,35.2,34.2,18.4
46,12057,11.3,27.1,28.0,33.5
47,12069,10.5,32.1,33.4,24.0
48,12086,18.6,27.3,24.4,29.8
49,12089,8.7,31.7,30.0,29.6
50,12095,11.5,24.4,29.6,34.6
51,12097,13.3,31.3,33.7,21.8
52,12099,11.5,24.0,27.8,36.7
53,12101,10.5,33.2,32.2,24.0
54,12103,8.7,28.0,31.6,31.7
55,12109,5.2,21.4,28.7,44.7
56,12117,5.7,21.1,33.6,39.6
57,13013,15.5,34.1,31.4,19.0
58,13015,16.4,33.4,31.6,18.6
59,13035,19.4,44.7,23.7,12.2
60,13045,15.4,33.4,30.2,21.1
61,13057,7.9,22.4,31.5,38.2
62,13063,15.2,33.6,31.7,19.5
63,13067,7.9,18.5,26.2,47.4
64,13077,10.8,28.6,30.3,30.3
65,13085,12.8,29.1,27.5,30.6
66,13089,10.7,20.9,24.3,44.2
67,13097,12.2,30.4,29.3,28.2
68,13113,4.7,20.9,28.2,46.2
69,13117,7.0,15.6,24.3,53.1
70,13121,7.4,17.7,22.0,52.9
71,13135,12.3,22.3,28.4,36.9
72,13143,18.8,36.1,30.4,14.8
73,13149,20.3,45.1,25.8,8.7
74,13151,8.8,31.7,31.1,28.5
75,13159,17.2,38.1,30.4,14.2
76,13171,13.0,39.4,31.8,15.8
77,13199,20.3,39.8,29.5,10.4
78,13211,12.3,36.0,30.9,20.7
79,13217,13.4,33.8,33.1,19.8
80,13223,10.6,32.9,33.8,22.6
81,13227,14.7,31.5,30.7,23.1
82,13231,11.8,41.8,29.3,17.1
83,13247,11.2,31.5,31.0,26.3
84,13255,18.1,39.8,24.3,17.8
85,13297,13.1,36.0,29.1,21.7
86,17005,10.8,33.1,33.3,22.9
87,17013,8.4,43.4,33.9,14.2
88,17027,9.9,31.9,35.9,22.3
89,17031,12.9,23.1,25.2,38.8
90,17037,7.7,24.9,35.1,32.3
91,17043,7.0,18.2,25.4,49.4
92,17063,6.8,33.8,36.5,22.9
93,17083,7.7,38.8,33.2,20.3
94,17089,15.4,22.7,28.7,33.1
95,17093,7.6,22.9,33.4,36.2
96,17097,9.4,20.8,24.6,45.3
97,17111,6.9,26.5,32.2,34.4
98,17117,8.7,39.8,33.1,18.4
99,17119,7.5,29.8,35.8,26.8
100,17133,4.0,27.6,33.3,35.0
101,17163,8.9,28.1,34.9,28.0
102,17197,9.0,26.9,29.8,34.3
103,18011,6.3,19.5,24.9,49.3
104,18013,7.9,32.9,30.3,28.9
105,18019,10.6,34.6,33.7,21.2
106,18029,10.4,38.9,27.9,22.9
107,18043,9.2,30.9,30.3,29.6
108,18057,3.2,14.9,22.5,59.3
109,18059,7.1,32.7,29.3,30.8
110,18061,11.6,39.6,30.1,18.7
111,18063,6.0,27.5,29.5,37.0
112,18073,11.8,43.2,30.8,14.3
113,18081,7.9,31.1,28.3,32.7
114,18089,11.3,35.1,31.0,22.6
115,18095,11.6,39.4,30.6,18.4
116,18097,13.9,28.0,27.2,30.9
117,18109,11.9,39.3,31.6,17.3
118,18111,14.3,42.8,31.1,11.9
119,18115,12.4,43.1,29.8,14.7
120,18127,6.4,35.0,30.1,28.4
121,18133,11.1,42.4,29.7,16.8
122,18143,16.8,43.5,27.7,12.0
123,18145,12.7,42.4,26.2,18.7
124,18161,12.6,43.4,25.6,18.5
125,18175,15.0,43.1,28.5,13.4
126,20091,4.0,14.5,25.5,56.0
127,20103,7.8,28.3,32.4,31.5
128,20107,10.3,38.9,34.7,16.2
129,20121,4.0,31.8,34.4,29.8
130,20209,21.1,32.1,28.6,18.1
131,21015,6.9,27.5,33.5,32.1
132,21023,14.3,46.4,26.2,13.2
133,21029,11.5,41.6,32.1,14.7
134,21037,9.2,28.2,26.2,36.3
135,21077,18.8,44.2,25.4,11.6
136,21081,13.4,47.4,26.3,12.9
137,21103,14.9,41.2,30.8,13.1
138,21111,9.4,26.7,30.5,33.4
139,21117,10.1,28.7,29.5,31.7
140,21185,6.2,20.7,30.8,42.4
141,21191,16.2,43.8,26.8,13.2
142,21211,13.5,30.3,31.3,24.9
143,21215,9.6,36.3,33.8,20.3
144,21223,17.2,46.3,22.4,14.1
145,22051,14.3,30.8,28.0,26.8
146,22071,13.5,22.8,26.2,37.6
147,22075,16.3,35.5,29.2,19.1
148,22087,19.8,32.6,36.0,11.6
149,22089,10.0,34.5,30.3,25.3
150,22093,14.6,41.1,27.9,16.3
151,22095,13.9,38.8,31.4,15.9
152,22103,9.5,26.6,30.1,33.8
153,24003,7.6,23.7,27.0,41.7
154,24005,8.5,25.8,26.4,39.4
155,24009,5.3,30.3,32.0,32.4
156,24013,7.3,29.4,26.9,36.4
157,24015,10.5,36.1,29.4,23.9
158,24017,6.8,31.7,32.6,28.9
159,24021,7.5,24.1,27.0,41.4
160,24025,7.3,26.0,30.0,36.7
161,24027,4.5,13.5,19.5,62.6
162,24031,9.0,13.4,18.7,58.9
163,24033,13.3,25.8,27.8,33.1
164,24035,6.8,28.9,27.8,36.5
165,24510,14.8,29.1,24.2,31.9
166,25005,14.3,29.9,27.1,28.7
167,25009,10.7,25.1,24.4,39.9
168,25017,6.6,19.0,18.1,56.3
169,25021,6.1,19.2,21.1,53.6
170,25023,7.1,27.8,27.5,37.6
171,25025,13.7,22.1,18.2,46.1
172,26087,9.1,35.8,36.8,18.3
173,26093,4.8,25.8,34.0,35.4
174,26099,10.1,29.7,35.4,24.9
175,26125,5.9,18.6,28.3,47.2
176,26147,9.2,34.0,38.1,18.6
177,26163,13.5,30.1,32.5,23.9
178,27003,6.0,27.9,35.6,30.5
179,27019,3.9,18.2,29.0,48.9
180,27025,5.4,33.8,39.4,21.5
181,27037,4.9,20.4,32.4,42.2
182,27053,6.7,16.4,26.9,50.1
183,27059,7.5,34.6,39.4,18.5
184,27079,6.1,35.8,35.1,23.0
185,27095,10.2,38.6,36.5,14.7
186,27123,9.7,20.9,27.2,42.3
187,27139,5.3,22.2,32.6,39.9
188,27141,5.4,28.5,39.5,26.6
189,27143,9.3,39.2,35.1,16.4
190,27163,3.9,21.0,30.8,44.3
191,27171,5.1,29.4,36.0,29.6
192,28009,27.4,33.4,27.7,11.5
193,28033,9.6,29.2,36.2,25.0
194,28093,17.9,38.8,29.5,13.8
195,28137,17.0,35.4,31.7,15.8
196,28143,16.5,33.4,33.2,16.9
197,29013,12.6,44.2,27.1,16.1
198,29025,10.2,43.7,27.9,18.1
199,29037,7.6,33.9,32.2,26.3
200,29047,6.7,28.4,31.8,33.2
201,29049,8.0,40.0,30.3,21.6
202,29071,11.6,32.7,34.8,20.9
203,29095,9.4,28.3,30.7,31.6
204,29099,10.9,31.6,37.1,20.4
205,29107,9.4,43.5,26.8,20.3
206,29113,10.5,42.3,30.4,16.8
207,29165,4.2,22.1,30.6,43.1
208,29177,11.9,45.1,28.4,14.6
209,29183,5.2,24.6,31.3,38.9
210,29189,6.5,21.2,28.6,43.6
211,29219,11.3,37.6,32.0,19.1
212,29510,12.2,23.9,27.5,36.3
213,32003,13.9,28.5,33.1,24.5
214,33015,4.9,25.4,28.3,41.4
215,33017,7.2,27.6,29.4,35.8
216,34003,7.5,22.7,20.5,49.3
217,34005,6.3,28.1,27.6,38.0
218,34007,11.3,29.5,26.7,32.5
219,34013,13.9,28.0,22.6,35.5
220,34015,7.1,32.0,27.9,33.0
221,34017,15.2,25.1,17.4,42.3
222,34019,5.0,21.0,21.3,52.7
223,34023,10.2,25.3,21.0,43.6
224,34025,6.6,23.4,24.0,46.0
225,34027,5.5,20.1,20.4,54.1
226,34029,8.0,34.0,28.0,30.0
227,34031,16.3,34.5,21.0,28.2
228,34033,11.2,38.4,29.4,21.0
229,34035,5.5,20.3,19.6,54.7
230,34037,5.1,30.6,28.2,36.1
231,34039,13.6,28.6,21.8,36.0
232,36005,27.2,27.9,24.8,20.1
233,36027,8.9,26.8,29.2,35.0
234,36029,8.2,27.6,29.9,34.4
235,36047,17.6,25.7,19.2,37.5
236,36051,9.4,31.9,32.2,26.5
237,36055,9.6,23.4,28.4,38.6
238,36059,8.6,22.7,22.8,46.0
239,36061,12.7,12.4,13.5,61.3
240,36063,8.8,33.2,33.4,24.6
241,36069,6.1,26.4,31.2,36.3
242,36071,10.3,29.3,30.2,30.3
243,36073,12.3,38.3,33.2,16.2
244,36079,7.0,27.1,26.3,39.6
245,36081,18.0,27.5,22.3,32.2
246,36085,11.3,30.4,24.5,33.9
247,36087,11.8,22.5,24.6,41.1
248,36103,9.4,27.3,26.9,36.3
249,36117,10.8,33.7,32.8,22.6
250,36119,11.9,19.2,19.9,48.9
251,36123,13.6,32.6,28.5,25.2
252,37025,10.1,25.2,32.5,32.3
253,37053,9.5,28.8,38.3,23.5
254,37069,13.8,29.8,34.4,22.0
255,37071,15.2,30.7,32.9,21.2
256,37073,10.9,37.9,36.8,14.3
257,37097,10.7,28.3,32.6,28.4
258,37101,13.1,27.8,36.2,22.9
259,37109,12.1,31.1,33.8,23.0
260,37119,9.7,17.0,27.9,45.4
261,37159,14.4,32.6,34.5,18.5
262,37179,10.4,24.6,29.7,35.4
263,37183,7.0,15.1,25.1,52.8
264,39015,12.1,45.6,27.4,14.9
265,39017,9.4,32.9,27.5,30.2
266,39025,9.8,32.4,29.3,28.6
267,39035,10.2,27.8,29.5,32.5
268,39041,3.6,18.3,23.8,54.3
269,39045,7.4,34.0,31.0,27.6
270,39049,8.8,24.6,26.5,40.0
271,39055,9.8,25.3,26.9,38.0
272,39061,8.6,26.3,27.2,37.9
273,39073,10.9,45.6,29.1,14.4
274,39085,7.7,31.8,33.1,27.4
275,39089,8.5,34.3,31.1,26.1
276,39093,10.3,31.0,33.8,24.9
277,39097,13.0,41.6,27.9,17.5
278,39103,4.9,31.0,30.2,33.9
279,39117,12.3,43.9,29.9,13.8
280,39127,12.7,47.5,27.7,12.2
281,39129,12.8,42.6,26.2,18.4
282,39159,6.6,32.0,25.9,35.5
283,39165,6.2,25.8,25.1,43.0
284,40017,8.6,29.8,34.2,27.4
285,40027,8.2,24.7,33.7,33.4
286,40051,9.9,40.3,29.9,19.9
287,40081,12.8,40.8,30.9,15.5
288,40083,9.9,32.5,30.0,27.7
289,40087,9.9,32.8,32.3,25.0
290,40109,12.6,25.7,29.7,32.0
291,41005,6.6,21.2,34.7,37.4
292,41009,8.7,33.8,39.0,18.5
293,41051,8.5,17.0,28.7,45.9
294,41067,7.8,17.4,30.4,44.4
295,41071,11.1,24.6,37.5,26.9
296,42003,5.4,27.0,26.0,41.6
297,42005,9.7,49.0,24.6,16.7
298,42007,6.9,36.8,31.6,24.7
299,42017,6.1,28.2,24.4,41.3
300,42019,5.1,32.7,26.2,36.0
301,42029,6.4,20.8,19.8,53.0
302,42045,6.9,30.2,23.8,39.0
303,42051,11.6,48.0,23.1,17.3
304,42091,5.6,23.6,21.6,49.3
305,42101,15.3,32.6,22.4,29.7
306,42103,7.0,34.3,31.8,26.8
307,42125,6.9,37.3,25.8,30.0
308,42129,5.6,36.9,28.3,29.1
309,44001,9.1,19.4,22.5,49.0
310,44003,7.8,28.0,30.9,33.3
311,44005,6.0,22.1,23.8,48.1
312,44007,14.2,31.0,25.8,29.0
313,44009,5.1,22.8,26.0,46.1
314,45023,17.9,39.3,29.4,13.4
315,45057,14.1,29.9,29.1,26.9
316,45091,9.2,25.1,32.4,33.3
317,47015,15.5,45.6,23.2,15.8
318,47021,13.0,37.1,28.8,21.0
319,47037,10.9,22.1,25.3,41.7
320,47043,16.3,41.8,25.7,16.2
321,47047,13.8,32.1,31.9,22.2
322,47081,21.4,44.3,23.3,10.9
323,47111,19.7,45.7,24.3,10.3
324,47119,9.8,35.7,31.4,23.0
325,47147,12.8,38.1,29.5,19.6
326,47149,8.2,27.8,31.7,32.2
327,47157,11.6,27.5,29.3,31.6
328,47159,14.7,46.5,24.3,14.4
329,47165,10.3,30.9,30.7,28.1
330,47167,12.2,37.6,32.9,17.3
331,47169,15.6,38.4,32.3,13.8
332,47187,4.7,13.3,22.2,59.8
333,47189,8.4,29.0,30.2,32.4
334,48013,22.9,38.7,23.9,14.4
335,48015,16.0,29.2,30.9,23.9
336,48019,10.7,32.3,34.2,22.8
337,48021,18.1,30.4,30.9,20.7
338,48029,15.8,25.4,30.8,28.0
339,48039,12.1,25.5,32.4,30.0
340,48055,21.8,37.9,25.7,14.6
341,48071,11.5,27.0,38.8,22.7
342,48085,6.2,15.0,26.5,52.3
343,48091,7.4,25.0,30.8,36.8
344,48113,20.7,22.6,25.3,31.5
345,48121,7.5,17.8,29.6,45.1
346,48139,13.8,27.7,34.2,24.3
347,48157,9.4,17.9,26.5,46.2
348,48167,11.0,24.9,33.0,31.1
349,48187,11.3,30.5,30.1,28.2
350,48201,18.6,23.4,26.6,31.5
351,48209,9.9,23.3,29.5,37.2
352,48221,10.6,30.0,33.0,26.4
353,48231,15.5,34.0,30.6,19.9
354,48251,14.3,35.9,31.1,18.7
355,48257,14.2,32.4,32.9,20.5
356,48259,7.2,20.6,30.1,42.1
357,48291,22.7,37.8,29.8,9.7
358,48325,16.8,31.0,32.3,19.8
359,48339,12.3,22.8,30.4,34.5
360,48367,11.4,28.8,33.4,26.4
361,48397,7.3,18.7,33.3,40.7
362,48425,10.4,38.5,24.7,26.4
363,48439,13.9,24.0,29.9,32.3
364,48453,10.7,16.5,22.9,50.0
365,48473,17.5,32.5,28.9,21.1
366,48491,6.8,20.5,31.4,41.3
367,48493,12.4,36.1,29.7,21.8
368,48497,14.7,34.8,32.5,18.0
369,49035,9.2,22.6,32.6,35.6
370,49045,8.7,29.3,37.7,24.2
371,51007,16.1,40.8,25.9,17.1
372,51013,5.7,7.8,11.2,75.3
373,51033,14.9,37.7,27.5,19.9
374,51036,20.3,38.3,26.7,14.7
375,51041,7.7,23.6,28.3,40.5
376,51043,10.9,29.6,27.3,32.2
377,51047,13.9,31.2,29.2,25.7
378,51053,16.8,36.0,28.5,18.6
379,51059,7.5,12.8,18.1,61.6
380,51061,7.5,26.6,29.5,36.4
381,51073,10.4,32.4,33.9,23.3
382,51075,8.6,23.8,25.7,41.8
383,51085,6.9,25.5,27.9,39.8
384,51087,8.3,21.2,26.8,43.7
385,51093,12.1,27.9,32.9,27.0
386,51095,4.9,17.8,26.9,50.4
387,51101,7.9,34.3,36.8,21.0
388,51107,6.1,12.4,20.2,61.3
389,51115,9.5,30.8,31.8,27.9
390,51127,7.3,34.5,31.3,26.9
391,51145,10.1,30.0,30.6,29.2
392,51149,9.4,33.8,33.2,23.6
393,51153,11.5,20.0,27.3,41.1
394,51157,11.6,27.6,25.0,35.8
395,51177,8.8,29.5,29.9,31.7
396,51179,6.8,22.9,30.4,39.9
397,51183,19.7,42.5,25.1,12.7
398,51187,13.1,35.9,29.3,21.7
399,51199,5.3,18.9,28.7,47.1
400,51510,7.0,11.6,18.3,63.1
401,51550,7.9,24.0,34.9,33.2
402,51570,8.5,31.4,34.6,25.5
403,51600,6.0,13.4,19.8,60.8
404,51610,1.1,7.3,14.1,77.6
405,51630,9.8,23.7,25.5,40.9
406,51650,8.6,29.1,35.5,26.9
407,51670,18.7,36.7,29.8,14.8
408,51683,17.3,25.8,27.3,29.6
409,51685,17.3,26.4,28.4,27.9
410,51700,9.0,28.5,36.2,26.3
411,51710,12.0,25.6,33.6,28.8
412,51730,17.2,35.7,27.3,19.8
413,51735,5.1,25.9,26.8,42.2
414,51740,11.7,30.1,36.3,21.9
415,51760,14.6,21.8,24.0,39.6
416,51800,10.1,27.1,33.3,29.5
417,51810,6.5,21.0,36.5,36.0
418,51830,5.3,18.7,19.2,56.8
419,53011,7.3,24.2,37.8,30.6
420,53033,6.9,15.0,25.6,52.5
421,53053,8.5,27.2,37.1,27.2
422,53059,8.4,30.4,36.8,24.5
423,53061,7.7,23.3,36.2,32.8
424,54037,10.2,31.0,27.1,31.8
425,55059,9.9,30.1,33.9,26.1
426,55079,11.7,28.4,29.0,31.0
427,55089,3.2,20.0,27.9,49.0
428,55093,4.9,32.1,33.9,29.2
429,55109,3.8,24.6,36.2,35.4
430,55131,5.1,30.3,33.2,31.5
431,55133,3.8,22.7,29.1,44.5
432,72007,29.3,29.7,23.1,17.8
433,72009,21.9,34.6,21.7,21.8
434,72017,25.9,30.7,21.3,22.1
435,72019,27.3,30.5,22.8,19.5
436,72021,19.3,23.8,28.1,28.8
437,72025,18.6,26.9,23.2,31.4
438,72029,24.9,31.2,20.7,23.2
439,72031,15.4,26.1,26.7,31.8
440,72033,26.5,30.0,23.2,20.3
441,72035,24.6,30.7,20.5,24.2
442,72037,26.8,32.0,23.2,18.1
443,72039,32.9,29.4,22.0,15.8
444,72041,23.9,31.0,21.2,23.9
445,72045,29.7,29.2,27.8,13.3
446,72047,30.7,26.2,23.9,19.2
447,72051,19.1,29.2,21.6,30.1
448,72053,19.9,34.0,20.8,25.3
449,72054,22.4,36.1,28.4,13.2
450,72061,15.5,16.9,22.4,45.1
451,72063,19.7,23.4,23.5,33.4
452,72069,23.4,30.8,22.7,23.1
453,72077,24.5,29.2,27.2,19.0
454,72085,22.2,24.3,31.2,22.4
455,72087,25.0,39.4,20.8,14.7
456,72089,23.0,32.0,24.6,20.4
457,72091,27.4,29.3,20.9,22.4
458,72095,33.5,26.2,23.4,16.9
459,72101,29.5,27.6,26.4,16.5
460,72103,26.4,33.4,20.0,20.2
461,72105,29.2,24.6,30.0,16.1
462,72107,32.3,33.4,17.3,17.0
463,72119,21.9,33.1,22.2,22.8
464,72127,18.7,21.9,22.2,37.3
465,72129,28.1,26.0,27.6,18.3
466,72135,17.4,24.2,29.1,29.3
467,72137,18.9,26.9,27.5,26.8
468,72139,15.6,24.7,23.7,36.0
469,72143,27.0,27.6,23.2,22.2
470,72145,28.4,26.2,24.1,21.2
471,72151,29.0,25.7,27.2,18.0
472,1001,11.5,33.6,28.4,26.6
473,1003,9.2,27.7,31.3,31.9
474,1015,15.6,32.8,33.2,18.5
475,1033,14.8,37.8,29.2,18.1
476,1051,13.4,32.5,29.1,25.1
477,1055,15.4,32.9,33.9,17.8
478,1061,19.7,36.0,31.8,12.5
479,1065,16.0,43.4,26.4,14.2
480,1067,20.6,32.6,29.8,17.1
481,1069,14.0,31.2,33.1,21.7
482,1077,12.6,36.0,27.9,23.5
483,1079,20.7,41.2,25.5,12.6
484,1081,9.1,23.7,31.8,35.3
485,1083,15.3,30.4,28.6,25.7
486,1085,21.7,39.6,24.0,14.7
487,1089,8.3,20.6,28.3,42.8
488,1097,13.5,34.0,29.3,23.2
489,1101,13.3,25.0,28.4,33.4
490,1103,15.9,30.4,31.3,22.4
491,1107,18.5,37.2,30.2,14.1
492,1113,16.2,31.4,34.6,17.8
493,1125,11.7,29.9,27.7,30.7
494,2020,6.1,23.4,34.4,36.1
495,2090,5.5,22.6,40.5,31.4
496,2170,7.1,33.1,38.3,21.6
497,4003,12.6,24.1,40.2,23.1
498,4005,9.5,22.0,32.3,36.2
499,4015,13.9,35.3,37.8,12.9
500,4019,11.6,22.2,33.8,32.4
501,4025,9.0,25.8,39.3,25.9
502,4027,26.7,25.7,32.5,15.0
503,5007,11.4,29.2,26.1,33.4
504,5025,10.4,46.6,26.8,16.2
505,5031,10.7,34.6,28.5,26.2
506,5033,15.0,37.3,31.7,16.0
507,5045,8.2,30.5,30.8,30.6
508,5051,10.9,31.4,36.0,21.6
509,5053,9.2,43.8,28.3,18.7
510,5069,13.9,38.9,29.3,18.0
511,5079,18.9,47.3,24.1,9.7
512,5081,11.0,44.7,31.8,12.5
513,5085,10.9,36.7,31.8,20.6
514,5087,19.4,43.9,22.6,14.2
515,5091,13.5,35.3,34.4,16.8
516,5105,15.2,41.7,30.5,12.7
517,5111,19.7,43.1,26.2,11.1
518,5119,9.6,26.0,30.1,34.3
519,5125,9.4,31.4,32.6,26.7
520,5131,15.9,31.0,31.7,21.3
521,5143,15.0,25.7,26.0,33.3
522,6007,10.8,22.5,39.5,27.2
523,6019,24.0,22.7,32.1,21.2
524,6025,30.3,24.3,30.2,15.2
525,6029,25.9,27.8,29.9,16.4
526,6031,26.6,25.3,33.4,14.7
527,6039,28.1,24.9,32.5,14.6
528,6047,30.9,25.3,30.1,13.8
529,6053,28.5,20.3,26.5,24.7
530,6055,14.5,17.8,32.0,35.7
531,6077,20.7,28.3,32.2,18.8
532,6079,8.7,19.9,36.0,35.4
533,6083,19.1,17.8,29.0,34.2
534,6087,13.7,15.5,30.0,40.8
535,6089,8.9,25.4,43.5,22.2
536,6095,11.6,23.8,37.7,26.9
537,6097,11.2,18.7,34.5,35.5
538,6099,21.1,29.3,32.5,17.1
539,6101,21.8,23.3,36.6,18.2
540,6107,29.2,25.5,30.7,14.6
541,6111,15.0,19.2,32.1,33.8
542,6115,17.7,23.6,41.6,17.1
543,8013,5.0,11.7,21.2,62.1
544,8041,5.8,20.4,35.3,38.5
545,8069,4.1,19.0,29.6,47.3
546,8077,9.5,27.6,34.7,28.2
547,8101,10.3,29.1,38.8,21.8
548,8119,2.8,23.2,36.3,37.7
549,8123,11.9,27.3,33.2,27.5
550,9001,10.0,21.5,20.6,47.9
551,9009,9.9,30.7,24.4,35.0
552,9011,7.7,29.5,29.5,33.3
553,9015,11.6,33.2,30.9,24.3
554,10001,12.6,32.9,30.8,23.7
555,10005,11.9,31.2,28.7,28.3
556,12001,7.4,21.2,28.1,43.3
557,12005,9.3,31.0,35.9,23.7
558,12009,7.8,28.3,33.8,30.2
559,12015,9.4,34.6,32.6,23.4
560,12017,11.6,37.2,32.9,18.3
561,12021,12.9,25.8,24.9,36.4
562,12033,9.5,27.2,36.7,26.5
563,12035,7.8,34.3,32.8,25.1
564,12039,20.2,36.2,27.4,16.2
565,12041,14.6,42.1,29.9,13.4
566,12045,14.5,35.8,30.4,19.2
567,12055,14.3,38.8,29.8,17.2
568,12061,10.6,30.4,29.8,29.1
569,12065,18.0,34.7,25.0,22.3
570,12071,11.6,31.0,29.2,28.2
571,12073,6.5,19.0,28.3,46.2
572,12081,10.3,30.1,29.9,29.8
573,12083,12.4,36.9,30.6,20.1
574,12085,9.0,24.9,32.0,34.1
575,12091,7.6,24.7,36.5,31.1
576,12105,15.0,34.7,30.1,20.2
577,12111,13.7,33.2,31.5,21.6
578,12113,8.7,26.8,36.8,27.7
579,12115,6.9,28.9,28.8,35.4
580,12119,7.9,30.4,30.0,31.8
581,12127,9.5,31.8,35.0,23.7
582,12129,12.3,36.2,33.2,18.3
583,12131,10.9,28.5,32.1,28.5
584,13007,19.4,37.9,29.8,12.9
585,13021,14.0,30.5,30.1,25.4
586,13025,21.1,44.6,25.4,8.9
587,13027,14.9,35.0,32.4,17.8
588,13029,8.4,24.3,34.2,33.1
589,13033,19.9,38.3,28.5,13.2
590,13047,12.5,32.9,33.2,21.4
591,13051,10.1,24.2,32.1,33.6
592,13053,5.7,28.3,36.5,29.5
593,13059,12.0,19.9,24.1,44.0
594,13073,7.3,23.8,32.6,36.4
595,13079,16.9,40.0,32.6,10.5
596,13083,19.3,37.7,27.9,15.2
597,13095,16.6,30.2,31.8,21.4
598,13101,25.8,41.9,22.5,9.7
599,13103,11.7,37.5,30.8,20.0
600,13115,17.6,34.3,27.2,20.9
601,13127,11.9,26.7,31.5,29.9
602,13139,20.9,27.7,26.9,24.5
603,13145,7.8,23.7,37.1,31.4
604,13153,8.4,27.0,36.2,28.3
605,13169,10.9,39.2,30.3,19.6
606,13173,20.0,37.9,25.6,16.5
607,13177,9.1,29.8,35.7,25.4
608,13179,9.3,31.6,40.9,18.3
609,13181,17.9,39.7,26.6,15.9
610,13183,12.3,34.7,35.5,17.4
611,13185,13.4,31.4,29.9,25.3
612,13189,16.6,41.6,27.7,14.0
613,13191,14.8,37.4,30.2,17.6
614,13195,16.8,39.8,24.9,18.5
615,13197,22.2,35.5,28.9,13.4
616,13207,14.3,33.3,25.6,26.8
617,13213,29.3,37.4,23.2,10.1
618,13215,12.0,27.4,34.9,25.8
619,13219,5.5,19.3,22.9,52.3
620,13221,20.3,38.9,23.8,17.1
621,13225,17.0,29.8,32.6,20.5
622,13235,18.9,36.8,31.1,13.2
623,13245,15.9,31.4,31.4,21.4
624,13273,22.5,32.3,33.9,11.2
625,13289,25.8,38.5,23.9,11.8
626,13295,18.0,35.2,30.1,16.6
627,13313,30.5,29.4,24.3,15.7
628,13321,17.1,42.7,29.2,11.0
629,15003,8.1,25.9,31.0,35.0
630,15005,9.7,27.4,38.7,24.2
631,15009,8.0,31.3,33.5,27.2
632,16001,4.8,22.4,34.3,38.5
633,16005,7.5,26.4,38.2,27.8
634,16015,5.7,30.6,36.6,27.1
635,16019,8.0,25.4,35.2,31.3
636,16023,7.2,36.0,40.6,16.2
637,16027,14.9,32.1,34.4,18.7
638,16041,9.7,37.8,34.8,17.7
639,16045,12.2,37.0,33.4,17.5
640,16051,9.8,25.5,40.0,24.7
641,16055,6.8,27.2,40.7,25.2
642,16069,8.0,32.1,37.0,22.9
643,16073,23.9,33.4,30.8,12.0
644,17003,13.5,40.7,32.9,12.9
645,17007,13.8,34.8,27.9,23.5
646,17019,5.0,22.0,28.0,45.0
647,17039,8.5,37.8,32.5,21.3
648,17053,9.6,35.5,33.6,21.4
649,17073,8.8,33.7,34.2,23.3
650,17077,8.1,24.1,33.7,34.1
651,17091,11.8,34.4,33.0,20.8
652,17113,4.1,24.6,26.5,44.8
653,17115,9.6,35.4,32.9,22.1
654,17123,7.1,39.4,34.6,18.9
655,17129,5.9,35.8,34.3,24.0
656,17131,8.1,39.6,35.0,17.4
657,17143,9.1,27.6,32.7,30.6
658,17147,6.1,33.9,31.4,28.6
659,17161,11.4,29.5,35.6,23.5
660,17167,7.5,27.2,30.8,34.5
661,17175,8.7,41.6,32.6,17.0
662,17179,7.3,31.7,34.7,26.3
663,17183,11.5,41.2,32.5,14.7
664,17199,7.7,31.1,36.9,24.3
665,17201,12.3,31.7,33.1,22.9
666,17203,5.2,31.3,30.3,33.2
667,18003,10.6,28.2,32.6,28.5
668,18005,9.4,30.8,26.3,33.5
669,18007,10.1,42.8,30.9,16.1
670,18015,11.6,40.8,31.0,16.7
671,18021,8.6,43.8,30.6,17.0
672,18035,10.3,35.1,30.9,23.7
673,18039,19.2,34.7,26.3,19.8
674,18067,10.5,35.9,32.0,21.6
675,18091,11.5,39.6,30.9,18.0
676,18105,7.3,22.2,24.8,45.7
677,18119,14.6,44.4,27.9,13.1
678,18129,6.6,38.2,33.3,21.9
679,18141,11.5,30.7,28.2,29.6
680,18153,11.3,44.2,32.4,12.1
681,18157,8.4,25.4,27.5,38.7
682,18163,9.9,32.5,30.6,27.0
683,18165,9.0,43.4,33.4,14.2
684,18167,11.6,32.0,31.2,25.1
685,18173,6.8,31.3,31.7,30.3
686,18179,7.8,40.2,33.8,18.2
687,18183,8.2,39.2,31.9,20.7
688,19011,5.9,36.9,35.0,22.1
689,19013,8.6,30.5,31.8,29.1
690,19017,3.6,32.9,32.8,30.7
691,19049,4.4,17.7,27.6,50.4
692,19061,7.3,32.7,29.2,30.8
693,19075,5.4,31.6,35.1,27.9
694,19077,6.9,38.9,34.4,19.8
695,19085,8.5,37.2,34.9,19.5
696,19103,5.1,16.3,25.9,52.8
697,19105,7.7,39.6,33.3,19.5
698,19113,5.5,27.0,34.3,33.1
699,19121,5.8,36.6,33.2,24.5
700,19129,7.2,34.1,34.6,24.1
701,19149,6.9,33.9,36.1,23.2
702,19153,8.5,24.5,30.3,36.7
703,19155,10.5,32.7,35.3,21.5
704,19163,7.2,29.6,31.4,31.8
705,19169,2.8,17.4,28.1,51.6
706,19181,4.6,30.8,32.7,31.9
707,19183,8.6,39.3,30.3,21.8
708,19193,12.9,32.2,31.8,23.1
709,20015,7.5,25.9,36.9,29.8
710,20043,9.7,36.8,32.4,21.1
711,20045,4.6,18.4,27.4,49.6
712,20079,9.5,23.7,33.5,33.2
713,20085,5.4,39.0,35.3,20.2
714,20087,6.5,39.7,30.6,23.2
715,20095,6.4,33.0,36.2,24.4
716,20139,9.2,39.1,32.4,19.2
717,20149,5.8,29.1,31.4,33.8
718,20161,4.2,19.1,31.1,45.6
719,20173,10.4,26.3,32.4,30.9
720,20177,7.8,31.4,29.9,30.9
721,20191,7.7,34.9,34.1,23.3
722,20197,4.6,34.9,36.3,24.2
723,21003,17.9,38.5,27.5,16.1
724,21017,16.0,35.6,28.9,19.4
725,21019,11.8,33.9,35.0,19.4
726,21031,20.4,42.9,22.8,13.9
727,21047,14.4,31.0,36.4,18.1
728,21049,13.8,34.3,31.8,20.1
729,21059,10.0,34.1,32.9,22.9
730,21061,21.9,39.3,28.5,10.3
731,21067,8.8,19.6,28.0,43.6
732,21089,11.0,36.0,35.9,17.1
733,21091,14.6,43.4,30.6,11.4
734,21093,9.5,30.4,38.1,22.0
735,21101,13.1,36.0,32.7,18.2
736,21113,12.7,30.5,27.3,29.5
737,21123,16.0,39.2,32.4,12.4
738,21149,12.7,41.2,32.6,13.5
739,21163,11.3,35.5,33.8,19.4
740,21209,9.0,30.3,32.3,28.4
741,21221,12.0,33.2,38.3,16.6
742,21227,11.9,26.6,29.3,32.2
743,21239,8.9,29.8,27.5,33.8
744,22001,21.0,41.3,24.3,13.3
745,22005,11.4,32.3,29.9,26.4
746,22015,10.3,29.7,34.8,25.2
747,22017,13.0,33.7,29.8,23.5
748,22019,13.2,34.1,30.5,22.3
749,22023,15.3,40.3,31.8,12.7
750,22031,17.4,42.6,25.1,14.8
751,22033,9.5,27.3,28.3,34.9
752,22037,20.0,43.5,23.9,12.7
753,22043,17.5,46.8,27.1,8.5
754,22045,20.1,43.7,22.7,13.6
755,22047,20.4,41.3,24.4,13.9
756,22055,11.4,30.4,25.2,33.0
757,22057,21.8,40.5,20.8,16.9
758,22063,14.8,38.1,27.4,19.7
759,22073,13.5,34.1,28.2,24.2
760,22077,20.2,39.3,25.6,14.9
761,22079,14.5,36.7,27.9,20.9
762,22091,22.5,38.5,22.4,16.7
763,22099,18.1,43.0,24.4,14.5
764,22105,16.4,37.2,26.5,20.0
765,22109,21.0,38.9,24.4,15.6
766,22111,14.3,44.8,23.6,17.2
767,22113,22.1,41.3,22.4,14.2
768,22119,16.1,42.0,26.5,15.4
769,22121,12.8,37.2,28.0,22.0
770,22125,17.9,31.8,26.1,24.2
771,23001,9.8,35.5,32.0,22.8
772,23005,4.9,22.2,25.4,47.6
773,23019,8.0,33.6,30.7,27.7
774,23023,6.0,30.0,27.7,36.4
775,23031,6.8,30.0,30.7,32.5
776,24001,9.8,41.8,29.5,18.9
777,24037,10.2,30.3,27.6,31.9
778,24039,18.7,39.7,27.2,14.4
779,24043,12.8,36.5,28.8,21.9
780,24045,12.8,32.3,27.7,27.2
781,24047,8.7,31.8,30.5,29.0
782,25001,4.5,23.7,28.3,43.4
783,25003,8.7,29.4,28.4,33.6
784,25013,14.2,30.7,28.0,27.1
785,25015,5.3,22.6,23.8,48.3
786,25027,9.3,27.8,26.6,36.4
787,26015,7.3,37.7,33.8,21.1
788,26017,9.5,34.6,36.6,19.3
789,26021,10.3,28.1,33.8,27.8
790,26025,9.0,36.8,33.2,21.0
791,26027,12.3,33.2,35.4,19.2
792,26037,5.5,26.8,35.7,32.1
793,26045,5.7,27.7,38.8,27.8
794,26049,9.4,31.6,37.8,21.2
795,26065,7.1,22.0,32.1,38.9
796,26075,9.2,32.6,36.0,22.2
797,26077,6.4,22.0,32.8,38.8
798,26081,9.3,24.1,30.9,35.7
799,26111,5.8,28.9,30.1,35.2
800,26115,8.6,35.2,35.7,20.5
801,26117,11.3,40.4,34.9,13.3
802,26121,8.7,34.0,37.5,19.7
803,26139,7.0,28.2,30.7,34.1
804,26145,10.6,33.3,35.3,20.8
805,26159,12.9,31.3,34.1,21.7
806,26161,4.7,14.6,24.7,55.9
807,27009,8.3,29.9,38.3,23.6
808,27013,5.5,26.5,33.2,34.8
809,27017,6.0,32.1,39.7,22.1
810,27027,5.1,23.7,37.0,34.2
811,27039,5.1,33.3,35.9,25.7
812,27045,9.0,34.1,34.7,22.2
813,27055,4.9,34.2,36.1,24.8
814,27103,6.0,25.2,35.0,33.8
815,27109,5.4,19.9,29.8,44.9
816,27119,8.1,30.6,35.9,25.3
817,27137,5.5,27.2,38.0,29.3
818,27145,8.3,28.0,36.2,27.5
819,27157,6.6,33.0,36.7,23.7
820,28029,19.8,34.4,31.3,14.5
821,28035,12.6,27.2,32.4,27.8
822,28045,12.5,28.1,37.3,22.0
823,28047,11.7,29.1,36.1,23.1
824,28049,12.5,25.0,33.5,29.0
825,28059,11.3,31.2,36.4,21.1
826,28073,10.6,24.2,31.1,34.1
827,28089,8.3,17.0,26.3,48.4
828,28111,17.0,40.4,31.8,10.7
829,28121,10.5,26.7,33.8,29.0
830,28127,20.3,30.1,33.4,16.2
831,28163,21.1,38.6,26.8,13.4
832,29003,8.3,37.4,29.5,24.9
833,29017,20.2,47.3,23.6,8.9
834,29019,5.5,21.3,27.1,46.1
835,29021,11.7,37.8,29.4,21.1
836,29027,13.8,36.1,27.0,23.1
837,29031,9.0,31.2,28.3,31.5
838,29043,8.0,29.4,34.0,28.6
839,29051,7.7,29.7,29.3,33.3
840,29059,16.6,44.5,26.0,12.9
841,29063,12.7,47.1,26.4,13.8
842,29077,8.2,28.0,33.3,30.5
843,29097,13.3,33.6,29.6,23.6
844,29119,22.4,41.3,24.8,11.5
845,29135,14.6,40.1,24.8,20.5
846,29145,12.9,34.5,32.6,20.0
847,29151,10.1,43.7,27.3,18.9
848,29167,11.6,39.0,29.5,19.9
849,29225,13.9,37.3,32.0,16.8
850,30009,5.8,31.1,32.7,30.4
851,30013,8.2,32.8,33.3,25.7
852,30037,8.0,40.7,28.5,22.7
853,30063,4.4,21.7,31.0,43.0
854,30111,5.9,30.2,31.8,32.1
855,31025,5.6,29.9,36.8,27.7
856,31043,23.5,35.3,28.2,13.0
857,31051,12.1,35.3,31.4,21.2
858,31055,9.4,21.4,29.5,39.7
859,31079,15.4,31.3,31.8,21.5
860,31081,4.9,30.0,40.1,25.0
861,31093,5.1,36.2,37.5,21.1
862,31109,6.3,21.5,32.6,39.5
863,31121,5.8,35.3,41.1,17.8
864,31153,4.5,21.7,34.0,39.8
865,31155,6.8,31.0,36.8,25.4
866,31159,6.0,28.6,36.5,28.9
867,31177,4.4,31.6,34.0,29.9
868,32029,6.4,27.8,34.5,31.4
869,32031,11.4,23.5,34.3,30.8
870,32510,13.0,26.0,38.9,22.2
871,33011,7.9,25.8,28.2,38.1
872,34001,13.0,32.0,26.9,28.1
873,34009,7.5,32.0,27.7,32.8
874,34011,20.6,39.4,24.4,15.6
875,34021,11.5,24.6,21.3,42.6
876,34041,8.5,30.6,27.9,33.0
877,35001,11.1,23.2,31.3,34.4
878,35013,20.6,22.7,29.6,27.1
879,35043,10.1,25.5,34.0,30.5
880,35045,15.1,30.5,39.5,14.9
881,35049,10.7,22.3,26.0,41.0
882,35057,15.4,37.7,32.0,14.8
883,35061,15.5,33.0,32.9,18.5
884,36001,7.9,23.0,27.4,41.8
885,36007,9.3,31.5,30.8,28.4
886,36015,9.7,35.3,31.7,23.3
887,36043,10.2,36.9,31.4,21.5
888,36045,9.0,34.7,34.1,22.2
889,36053,8.0,34.8,31.0,26.2
890,36065,11.5,31.9,30.9,25.7
891,36067,9.0,25.4,29.7,35.9
892,36075,11.8,37.5,31.7,19.0
893,36083,8.1,29.0,30.9,32.0
894,36091,6.0,24.9,27.8,41.4
895,36093,9.3,29.5,29.1,32.1
896,36095,10.3,35.7,31.5,22.4
897,36107,8.8,35.9,29.2,26.0
898,36109,5.6,19.0,21.9,53.5
899,36111,9.3,29.7,28.6,32.5
900,36113,8.1,30.6,30.0,31.3
901,36115,12.1,38.7,28.6,20.5
902,37001,13.7,27.7,33.8,24.8
903,37003,17.6,38.7,29.5,14.2
904,37019,8.7,27.9,33.5,29.9
905,37021,8.9,23.2,27.7,40.1
906,37023,18.4,31.4,33.8,16.4
907,37027,20.0,32.5,31.7,15.7
908,37035,14.1,30.0,33.3,22.6
909,37037,11.1,21.2,25.4,42.4
910,37049,11.2,26.0,37.5,25.3
911,37051,9.0,25.9,39.5,25.5
912,37057,16.1,32.8,32.6,18.5
913,37059,12.2,32.0,31.8,24.0
914,37063,11.6,17.7,22.4,48.2
915,37065,18.9,37.5,30.1,13.6
916,37067,10.8,25.7,29.5,34.0
917,37081,10.9,23.3,29.8,36.0
918,37087,12.0,26.4,35.7,26.0
919,37089,10.1,24.2,34.0,31.8
920,37093,12.9,28.7,40.6,17.7
921,37103,18.9,34.4,34.6,12.2
922,37115,13.0,31.3,27.2,28.5
923,37127,14.4,33.7,31.1,20.8
924,37129,6.8,21.3,31.3,40.6
925,37133,8.5,30.0,38.6,22.9
926,37135,7.3,13.6,19.4,59.7
927,37137,12.0,31.0,38.4,18.5
928,37141,12.2,27.6,32.2,27.9
929,37145,13.5,37.4,33.5,15.6
930,37147,10.7,23.8,32.8,32.7
931,37151,18.5,33.5,32.3,15.7
932,37157,17.3,34.9,32.7,15.1
933,37169,16.2,40.0,29.7,14.1
934,37191,15.5,30.5,35.0,19.0
935,37197,17.7,33.8,36.9,11.6
936,38015,5.7,22.7,35.8,35.8
937,38017,5.2,20.1,34.6,40.2
938,38035,4.9,22.2,37.3,35.6
939,38059,8.1,29.4,35.7,26.9
940,38065,8.7,30.8,39.4,21.1
941,38085,16.3,32.4,36.3,15.0
942,39003,9.7,38.8,32.5,18.9
943,39013,9.8,42.4,31.1,16.7
944,39019,10.5,49.7,26.5,13.3
945,39023,11.3,37.9,32.1,18.7
946,39051,8.7,41.7,31.9,17.6
947,39057,6.2,24.5,30.1,39.2
948,39081,9.0,44.8,30.4,15.8
949,39087,12.5,43.9,28.7,14.9
950,39095,10.7,29.7,33.3,26.3
951,39099,9.1,37.6,29.1,24.2
952,39109,8.8,36.6,31.3,23.3
953,39113,9.9,27.8,34.5,27.9
954,39133,7.6,36.6,26.8,29.0
955,39139,13.1,39.4,29.3,18.3
956,39151,8.4,38.2,30.6,22.8
957,39153,8.3,30.2,29.1,32.5
958,39155,10.6,44.5,26.1,18.7
959,39173,5.7,30.7,30.1,33.5
960,40031,10.0,32.8,35.1,22.2
961,40033,15.5,41.8,28.9,13.7
962,40037,12.6,40.0,30.4,17.0
963,40079,16.5,41.1,27.8,14.6
964,40111,13.7,36.0,36.2,14.1
965,40113,11.7,38.1,32.1,18.0
966,40117,11.2,44.2,27.9,16.6
967,40131,8.0,32.1,35.1,24.9
968,40135,18.7,38.6,28.2,14.4
969,40143,10.6,25.4,32.2,31.8
970,40145,9.4,32.9,34.5,23.2
971,41003,4.1,13.3,28.5,54.1
972,41017,6.3,21.8,36.5,35.4
973,41029,9.9,26.1,36.2,27.8
974,41033,9.6,31.0,41.9,17.5
975,41039,8.1,23.2,38.2,30.5
976,41043,10.5,29.0,41.2,19.3
977,41047,14.8,26.6,35.1,23.5
978,41053,9.1,23.5,36.4,31.0
979,42001,11.2,39.9,26.6,22.3
980,42011,13.3,36.7,25.1,24.9
981,42013,8.6,45.0,25.1,21.3
982,42021,8.0,45.4,25.5,21.1
983,42025,10.6,45.3,26.2,17.9
984,42027,5.7,29.4,19.4,45.5
985,42037,9.7,43.0,24.4,22.9
986,42041,7.7,32.0,23.8,36.6
987,42043,10.2,33.2,25.8,30.8
988,42049,8.7,38.5,24.9,27.9
989,42055,11.7,43.1,23.5,21.6
990,42069,9.0,36.9,25.9,28.3
991,42071,15.0,35.3,22.5,27.3
992,42075,12.8,44.0,22.5,20.7
993,42077,11.0,32.9,26.1,29.9
994,42079,10.2,39.0,28.0,22.9
995,42081,9.9,38.9,27.8,23.4
996,42085,10.1,43.0,24.1,22.8
997,42089,10.4,35.1,29.9,24.7
998,42093,9.4,40.1,18.9,31.6
999,42095,9.1,34.5,26.1,30.3
1000,42099,12.6,47.4,23.4,16.7
1001,42131,7.8,46.4,26.2,19.6
1002,42133,10.1,39.6,25.5,24.9
1003,45003,12.0,32.8,28.8,26.4
1004,45007,14.7,31.2,31.8,22.2
1005,45013,7.2,22.3,29.3,41.2
1006,45015,10.6,29.4,34.9,25.0
1007,45017,13.8,36.2,30.1,19.9
1008,45019,8.3,22.7,25.3,43.6
1009,45031,17.6,35.1,28.8,18.4
1010,45035,10.3,27.3,34.2,28.2
1011,45037,17.1,36.7,29.6,16.7
1012,45039,13.8,41.3,28.0,16.9
1013,45041,15.0,32.9,28.5,23.6
1014,45045,12.0,23.8,29.2,35.1
1015,45051,10.4,32.5,33.5,23.6
1016,45053,18.2,37.5,26.5,17.8
1017,45055,12.2,36.5,31.0,20.3
1018,45059,19.1,33.8,30.9,16.2
1019,45063,10.4,28.2,31.1,30.4
1020,45077,14.7,29.1,30.3,26.0
1021,45079,8.5,22.5,29.9,39.1
1022,45081,21.8,35.2,26.2,16.8
1023,45083,14.3,29.3,31.9,24.5
1024,45085,14.5,30.8,35.4,19.3
1025,45087,18.8,40.0,29.9,11.3
1026,46033,6.4,35.0,35.1,23.5
1027,46083,5.2,23.0,34.3,37.6
1028,46087,11.3,35.0,29.5,24.1
1029,46093,5.6,28.7,38.5,27.2
1030,46099,7.5,26.4,33.0,33.1
1031,46103,6.5,27.5,34.5,31.5
1032,46125,8.0,33.7,34.6,23.7
1033,46127,7.4,29.5,32.5,30.6
1034,47001,13.0,32.9,30.8,23.3
1035,47009,10.9,34.6,30.3,24.2
1036,47011,14.7,32.1,30.9,22.3
1037,47013,22.7,40.6,24.2,12.4
1038,47019,16.5,38.6,27.4,17.5
1039,47023,14.8,39.1,30.1,16.0
1040,47033,18.8,40.5,26.8,13.8
1041,47057,21.4,42.8,25.1,10.7
1042,47063,18.7,38.6,25.9,16.8
1043,47065,10.5,26.9,30.4,32.2
1044,47073,15.6,42.7,27.9,13.7
1045,47089,14.7,39.1,29.5,16.8
1046,47093,8.3,25.3,28.8,37.6
1047,47105,13.8,32.4,27.4,26.4
1048,47113,11.1,35.3,27.9,25.6
1049,47115,18.5,38.7,30.1,12.8
1050,47125,7.1,28.5,36.0,28.5
1051,47129,19.7,48.5,22.4,9.4
1052,47139,17.6,39.4,31.1,11.9
1053,47145,11.1,36.3,32.9,19.8
1054,47153,18.4,39.1,27.4,15.1
1055,47163,12.8,34.7,28.8,23.6
1056,47171,15.0,39.4,30.8,14.8
1057,47173,22.9,44.8,22.4,9.9
1058,47179,11.2,28.9,28.1,31.8
1059,48007,15.5,31.2,31.4,21.9
1060,48009,9.7,35.4,31.0,23.9
1061,48011,13.1,22.4,41.6,22.8
1062,48027,9.0,26.0,39.9,25.2
1063,48037,11.2,34.8,33.3,20.6
1064,48041,12.8,19.2,26.3,41.7
1065,48051,17.5,38.4,26.8,17.3
1066,48059,11.8,35.8,31.4,21.0
1067,48061,32.1,26.4,24.2,17.3
1068,48065,6.7,32.0,32.9,28.4
1069,48077,9.5,36.9,32.2,21.4
1070,48099,12.0,28.1,43.8,16.1
1071,48107,24.0,35.9,27.0,13.2
1072,48135,24.0,30.3,30.2,15.4
1073,48141,21.5,23.7,31.4,23.3
1074,48145,23.1,38.4,26.0,12.4
1075,48175,17.0,26.5,39.2,17.3
1076,48181,11.3,30.1,38.2,20.4
1077,48183,15.9,28.2,34.6,21.3
1078,48199,12.0,38.2,32.9,16.8
1079,48215,34.3,23.5,23.5,18.7
1080,48229,44.5,30.6,14.2,10.7
1081,48235,6.8,37.6,40.5,15.0
1082,48245,15.8,31.9,32.6,19.7
1083,48253,21.6,38.6,28.1,11.7
1084,48281,9.0,29.4,41.7,19.9
1085,48303,13.8,25.6,30.4,30.1
1086,48305,24.6,29.4,28.7,17.3
1087,48309,15.1,27.0,33.6,24.2
1088,48317,22.6,33.0,26.1,18.3
1089,48329,15.5,25.7,31.5,27.4
1090,48351,16.6,42.9,30.8,9.7
1091,48355,17.2,29.3,31.7,21.8
1092,48359,9.7,37.2,31.1,22.0
1093,48361,12.1,37.2,35.2,15.5
1094,48375,23.0,32.0,30.1,14.9
1095,48381,7.7,22.8,37.1,32.4
1096,48395,15.5,35.5,32.9,16.1
1097,48401,19.4,31.8,33.4,15.5
1098,48409,20.1,32.7,31.6,15.6
1099,48423,14.2,23.4,35.9,26.4
1100,48441,10.7,31.0,33.1,25.2
1101,48451,13.7,30.2,31.6,24.5
1102,48459,14.2,34.4,34.3,17.1
1103,48469,16.2,30.8,33.0,20.0
1104,48479,32.4,25.3,23.3,18.9
1105,48485,13.4,31.7,31.8,23.1
1106,49003,6.9,31.0,38.1,23.9
1107,49005,6.9,20.2,34.6,38.3
1108,49011,4.4,21.2,36.7,37.8
1109,49023,8.9,38.6,36.6,16.0
1110,49029,1.9,19.6,39.2,39.4
1111,49049,5.4,16.4,37.4,40.8
1112,49053,7.1,23.4,41.5,28.1
1113,49057,9.4,29.6,36.6,24.5
1114,50007,5.6,19.0,24.1,51.3
1115,50011,9.3,37.9,28.7,24.1
1116,50013,7.1,27.0,26.1,39.8
1117,51003,7.9,15.8,21.2,55.1
1118,51009,14.4,36.0,30.6,19.1
1119,51011,14.1,33.9,31.1,20.9
1120,51015,12.6,38.7,25.9,22.7
1121,51019,10.0,30.2,30.6,29.2
1122,51023,7.2,32.3,32.1,28.3
1123,51029,20.2,42.8,24.6,12.5
1124,51031,12.8,32.2,32.5,22.5
1125,51045,9.2,37.5,29.7,23.6
1126,51063,13.0,35.7,29.3,22.1
1127,51065,8.9,24.1,33.0,33.9
1128,51067,11.9,34.9,31.4,21.9
1129,51069,10.8,32.4,28.5,28.3
1130,51071,11.1,38.7,32.1,18.1
1131,51079,13.9,28.6,28.4,29.0
1132,51121,6.8,23.4,24.4,45.5
1133,51125,14.3,35.2,20.2,30.4
1134,51155,12.6,33.2,34.2,20.0
1135,51161,7.7,25.0,31.8,35.6
1136,51165,16.0,35.1,22.5,26.3
1137,51169,18.6,38.1,30.0,13.3
1138,51191,14.3,34.3,28.6,22.8
1139,51515,,,,
1140,51520,15.3,29.7,29.6,25.4
1141,51540,8.9,16.5,19.7,54.9
1142,51660,16.1,25.6,22.0,36.3
1143,51680,11.3,25.2,27.9,35.6
1144,51750,8.8,23.8,29.4,38.0
1145,51770,13.8,34.1,28.7,23.4
1146,51775,10.8,29.0,32.3,27.9
1147,51790,10.3,29.8,26.5,33.4
1148,51820,13.9,33.4,25.6,27.1
1149,51840,15.9,24.6,24.4,35.1
1150,53003,8.6,28.0,42.0,21.4
1151,53005,9.8,24.5,34.8,30.9
1152,53007,17.4,26.4,30.5,25.8
1153,53013,8.8,21.7,43.9,25.6
1154,53015,10.7,30.6,41.7,17.0
1155,53017,17.9,29.6,32.0,20.5
1156,53021,25.0,25.5,31.8,17.7
1157,53035,5.2,22.2,39.4,33.2
1158,53051,8.9,31.0,39.4,20.8
1159,53057,9.8,26.3,37.6,26.2
1160,53063,6.2,23.2,39.8,30.8
1161,53065,9.4,34.5,37.4,18.7
1162,53067,6.3,21.3,36.7,35.7
1163,53071,11.7,19.8,38.6,29.8
1164,53073,7.2,23.4,35.2,34.3
1165,53077,26.3,28.1,28.9,16.7
1166,54003,11.0,37.6,30.2,21.2
1167,54005,20.3,49.7,20.4,9.7
1168,54009,9.4,40.9,30.7,19.0
1169,54011,12.0,33.3,28.7,26.0
1170,54015,22.7,51.8,16.2,9.2
1171,54019,17.2,43.9,24.1,14.8
1172,54027,15.7,46.2,25.8,12.4
1173,54029,9.6,41.9,31.1,17.4
1174,54039,11.3,37.1,26.1,25.5
1175,54043,19.1,47.0,24.9,9.0
1176,54051,7.7,44.5,29.7,18.0
1177,54057,7.8,49.2,27.5,15.5
1178,54061,7.6,27.2,22.3,42.8
1179,54069,6.5,34.2,27.3,32.0
1180,54077,13.2,47.2,22.7,16.9
1181,54079,8.3,36.5,29.2,26.1
1182,54081,13.5,40.0,28.1,18.4
1183,54099,20.3,40.6,24.1,15.1
1184,54105,17.1,42.0,29.7,11.2
1185,54107,10.1,34.4,33.6,21.9
1186,55009,7.9,29.9,31.9,30.3
1187,55015,5.8,31.4,33.3,29.4
1188,55017,7.2,35.4,36.4,21.0
1189,55021,7.3,33.7,35.7,23.3
1190,55025,4.2,17.8,26.7,51.4
1191,55031,6.3,31.1,38.5,24.1
1192,55035,5.9,25.0,36.7,32.3
1193,55039,8.2,36.1,32.7,23.1
1194,55045,7.6,35.5,33.4,23.6
1195,55049,4.8,35.3,35.3,24.6
1196,55061,6.9,39.9,33.8,19.4
1197,55063,5.0,25.4,34.7,34.9
1198,55073,8.2,34.3,32.2,25.4
1199,55083,9.6,41.7,31.9,16.8
1200,55087,5.9,31.7,32.8,29.7
1201,55101,9.5,31.6,33.7,25.2
1202,55105,9.2,36.1,32.5,22.1
1203,55117,6.8,35.9,32.2,25.1
1204,55139,7.1,33.4,31.1,28.3
1205,56021,7.0,25.8,38.7,28.5
1206,56025,7.5,30.3,39.3,22.8
1207,72003,34.3,25.5,20.0,20.2
1208,72005,26.2,29.4,20.5,23.9
1209,72011,30.4,30.0,20.7,18.9
1210,72013,23.2,29.7,23.9,23.2
1211,72015,20.8,39.9,23.2,16.1
1212,72023,29.7,24.9,19.4,26.0
1213,72027,29.0,24.6,25.6,20.8
1214,72055,30.1,37.5,16.9,15.5
1215,72057,23.1,39.0,17.3,20.6
1216,72059,23.1,30.8,21.4,24.7
1217,72065,27.4,22.8,25.2,24.6
1218,72067,23.6,31.9,21.6,22.9
1219,72071,29.5,29.4,19.2,21.9
1220,72075,23.0,33.0,19.0,25.0
1221,72079,37.3,26.6,20.8,15.3
1222,72081,35.4,23.9,22.1,18.5
1223,72097,28.1,28.0,17.5,26.4
1224,72099,30.6,31.0,18.4,20.0
1225,72109,26.9,29.2,28.8,15.1
1226,72111,26.2,29.9,21.9,21.9
1227,72113,21.9,31.7,18.9,27.5
1228,72115,26.1,31.7,23.3,18.9
1229,72117,32.9,24.5,19.6,23.0
1230,72121,25.7,33.2,21.7,19.4
1231,72125,28.4,31.5,16.1,24.0
1232,72131,32.2,27.1,21.5,19.2
1233,72141,27.8,28.7,24.8,18.7
1234,72149,22.0,38.4,19.7,19.9
1235,72153,26.6,33.3,15.5,24.6
1236,1037,20.0,40.3,26.9,12.8
1237,1043,18.4,34.1,33.6,13.9
1238,1121,19.7,33.7,31.6,15.0
1239,4007,13.7,27.9,39.7,18.7
1240,5093,18.9,38.8,28.5,13.8
1241,5107,19.7,31.9,34.6,13.8
1242,5123,18.1,37.6,33.9,10.4
1243,6057,5.6,18.4,38.8,37.2
1244,8087,21.1,31.3,30.1,17.5
1245,9005,7.0,29.9,27.7,35.4
1246,12023,13.9,36.7,34.6,14.9
1247,12049,22.8,49.1,17.8,10.2
1248,12051,33.7,33.7,24.3,8.3
1249,12087,8.6,26.7,30.3,34.4
1250,12093,22.8,39.5,26.3,11.3
1251,12107,18.2,41.2,28.3,12.3
1252,13039,8.7,32.2,35.3,23.9
1253,13129,22.1,34.9,28.3,14.7
1254,13157,15.9,32.1,29.2,22.7
1255,13233,21.2,37.9,27.2,13.7
1256,13285,16.6,35.1,29.3,19.0
1257,13293,17.7,38.4,30.5,13.4
1258,17099,11.4,35.6,35.1,17.8
1259,17103,11.2,33.8,36.8,18.2
1260,17105,10.1,44.7,30.4,14.8
1261,17121,11.0,35.2,38.6,15.2
1262,17141,9.8,33.4,35.4,21.4
1263,18023,14.3,43.2,26.1,16.3
1264,18031,9.1,44.0,26.3,20.6
1265,18041,17.9,42.1,26.7,13.3
1266,18053,12.8,40.5,28.9,17.9
1267,18065,10.7,43.7,29.1,16.4
1268,18077,10.3,42.3,29.5,17.9
1269,18107,10.2,41.3,30.3,18.2
1270,20005,7.3,38.4,32.3,22.0
1271,20059,7.8,37.6,34.2,20.4
1272,21005,10.1,36.6,33.1,20.2
1273,21073,11.0,31.3,27.8,29.9
1274,21161,13.7,34.7,32.1,19.5
1275,21179,10.2,37.2,34.5,18.0
1276,22117,20.5,44.7,23.2,11.6
1277,24041,8.8,24.5,26.2,40.6
1278,26155,7.8,37.3,37.9,17.0
1279,27035,5.9,29.9,39.5,24.7
1280,27049,5.6,32.8,35.5,26.0
1281,27085,6.9,36.0,39.5,17.6
1282,27131,8.9,31.4,31.4,28.3
1283,28071,9.6,18.7,26.1,45.6
1284,28109,16.2,30.4,36.7,16.7
1285,29101,7.5,30.7,32.9,28.9
1286,29159,13.5,34.8,33.7,18.0
1287,29187,15.2,37.2,33.3,14.3
1288,29195,16.0,37.8,26.8,19.4
1289,32005,6.8,24.4,39.4,29.4
1290,32023,13.9,38.9,36.4,10.7
1291,33001,6.8,29.5,31.2,32.6
1292,33013,6.8,27.7,29.9,35.6
1293,36009,11.2,39.2,30.6,19.1
1294,36013,11.2,35.5,31.1,22.2
1295,36021,9.7,30.0,27.7,32.7
1296,36037,7.8,36.0,34.0,22.3
1297,36099,15.2,35.2,28.5,21.1
1298,36101,9.5,36.7,30.1,23.6
1299,37029,13.5,29.4,40.0,17.1
1300,37045,15.8,34.4,32.3,17.6
1301,37055,5.8,22.8,36.7,34.7
1302,37077,15.7,30.6,31.2,22.5
1303,37085,12.5,29.9,35.7,21.9
1304,37139,13.0,32.0,32.9,22.1
1305,37143,13.1,28.7,38.0,20.2
1306,37167,14.7,33.3,34.7,17.3
1307,37181,19.6,37.0,28.5,14.8
1308,37193,19.9,31.7,32.6,15.8
1309,37195,19.7,31.5,29.2,19.6
1310,39005,11.5,41.6,25.9,20.9
1311,39007,14.0,44.6,27.2,14.3
1312,39009,10.0,35.1,24.7,30.2
1313,39021,8.8,46.2,28.9,16.1
1314,39027,11.7,39.1,30.3,18.9
1315,39029,11.5,44.7,28.9,14.9
1316,39031,14.5,47.3,25.0,13.2
1317,39033,9.8,46.8,29.0,14.4
1318,39043,8.2,37.2,31.4,23.2
1319,39047,14.3,45.9,23.5,16.3
1320,39077,11.5,46.2,28.0,14.4
1321,39083,8.7,39.8,28.5,23.0
1322,39091,7.4,48.4,27.6,16.5
1323,39101,12.1,44.5,30.9,12.5
1324,39119,12.2,41.6,30.1,16.1
1325,39141,12.4,43.0,28.9,15.8
1326,39169,13.5,39.0,25.3,22.2
1327,40119,7.8,27.4,27.3,37.4
1328,40125,12.0,36.5,33.2,18.3
1329,40137,12.7,42.2,28.2,16.9
1330,41007,7.9,26.7,41.0,24.4
1331,41027,18.7,21.8,27.5,32.0
1332,41065,13.6,29.1,37.7,19.6
1333,42063,10.0,43.2,23.8,23.0
1334,42073,9.2,43.3,25.4,22.1
1335,42111,11.8,49.8,22.6,15.9
1336,42121,9.8,48.0,23.4,18.7
1337,47003,17.9,41.4,24.0,16.6
1338,47031,14.6,38.5,26.5,20.5
1339,47087,21.8,44.6,22.5,11.0
